[ ]{0: LDARGS}
[ 4 ]{1: CALL 1 5}
[ 4 -999 4 ]{5: INCSP 1}
[ 4 -999 4 0 ]{7: GETBP}
[ 4 -999 4 0 2 ]{8: CSTI 1}
[ 4 -999 4 0 2 1 ]{10: ADD}
[ 4 -999 4 0 3 ]{11: GETBP}
[ 4 -999 4 0 3 2 ]{12: CSTI 0}
[ 4 -999 4 0 3 2 0 ]{14: ADD}
[ 4 -999 4 0 3 2 ]{15: LDI}
[ 4 -999 4 0 3 4 ]{16: STI}
[ 4 -999 4 4 4 ]{17: INCSP -1}
[ 4 -999 4 4 ]{19: INCSP 1}
[ 4 -999 4 4 4 ]{21: GETBP}
[ 4 -999 4 4 4 2 ]{22: CSTI 0}
[ 4 -999 4 4 4 2 0 ]{24: ADD}
[ 4 -999 4 4 4 2 ]{25: LDI}
[ 4 -999 4 4 4 4 ]{26: GETBP}
[ 4 -999 4 4 4 4 2 ]{27: CSTI 2}
[ 4 -999 4 4 4 4 2 2 ]{29: ADD}
[ 4 -999 4 4 4 4 4 ]{30: CALL 2 57}
[ 4 -999 4 4 4 33 2 4 4 ]{57: GETBP}
[ 4 -999 4 4 4 33 2 4 4 7 ]{58: CSTI 1}
[ 4 -999 4 4 4 33 2 4 4 7 1 ]{60: ADD}
[ 4 -999 4 4 4 33 2 4 4 8 ]{61: LDI}
[ 4 -999 4 4 4 33 2 4 4 4 ]{62: GETBP}
[ 4 -999 4 4 4 33 2 4 4 4 7 ]{63: CSTI 0}
[ 4 -999 4 4 4 33 2 4 4 4 7 0 ]{65: ADD}
[ 4 -999 4 4 4 33 2 4 4 4 7 ]{66: LDI}
[ 4 -999 4 4 4 33 2 4 4 4 4 ]{67: GETBP}
[ 4 -999 4 4 4 33 2 4 4 4 4 7 ]{68: CSTI 0}
[ 4 -999 4 4 4 33 2 4 4 4 4 7 0 ]{70: ADD}
[ 4 -999 4 4 4 33 2 4 4 4 4 7 ]{71: LDI}
[ 4 -999 4 4 4 33 2 4 4 4 4 4 ]{72: MUL}
[ 4 -999 4 4 4 33 2 4 4 4 16 ]{73: STI}
[ 4 -999 4 4 16 33 2 4 4 16 ]{74: INCSP -1}
[ 4 -999 4 4 16 33 2 4 4 ]{76: INCSP 0}
[ 4 -999 4 4 16 33 2 4 4 ]{78: RET 1}
[ 4 -999 4 4 16 4 ]{33: INCSP -1}
[ 4 -999 4 4 16 ]{35: GETBP}
[ 4 -999 4 4 16 2 ]{36: CSTI 2}
[ 4 -999 4 4 16 2 2 ]{38: ADD}
[ 4 -999 4 4 16 4 ]{39: LDI}
[ 4 -999 4 4 16 16 ]{40: PRINTI}
16 [ 4 -999 4 4 16 16 ]{41: INCSP -1}
[ 4 -999 4 4 16 ]{43: INCSP -1}
[ 4 -999 4 4 ]{45: GETBP}
[ 4 -999 4 4 2 ]{46: CSTI 1}
[ 4 -999 4 4 2 1 ]{48: ADD}
[ 4 -999 4 4 3 ]{49: LDI}
[ 4 -999 4 4 4 ]{50: PRINTI}
4 [ 4 -999 4 4 4 ]{51: INCSP -1}
[ 4 -999 4 4 ]{53: INCSP -1}
[ 4 -999 4 ]{55: RET 0}
[ 4 ]{4: STOP}
